
                   Maxima in plot
       kx          ky          kz           Value
     11.0000      0.5000      0.2500      -22.0238
     11.0000      0.5000      1.2500      -22.0238
     11.0000      0.5000      0.7500      -22.0238
     11.0000      0.5000      1.7500      -22.0238
     11.0000      1.5000      1.2500      -22.0238
     11.0000      1.5000      0.2500      -22.0238
     11.0000      0.2500      1.5000      -22.0238
     11.0000      0.2500      0.5000      -22.0238
     11.0000      1.7500      1.5000      -22.0238
     11.0000      1.7500      0.5000      -22.0238
     11.0000      1.5000      0.7500      -22.0238
     11.0000      1.5000      1.7500      -22.0238
     11.0000      1.2500      1.5000      -22.0238
     11.0000      1.2500      0.5000      -22.0238
     11.0000      0.7500      0.5000      -22.0238
     11.0000      0.7500      1.5000      -22.0238

                   Minima in plot
       kx          ky          kz          Value
     11.0000      1.0000      1.0000      -37.9581
     11.0000      1.5000      0.5000      -23.4542
     11.0000      0.5000      0.5000      -23.4542
     11.0000      0.5000      1.5000      -23.4542
     11.0000      1.5000      1.5000      -23.4542

    11.00000     2.00000     2.00000 = top left
    11.00000     2.00000     0.00000 = top right
    11.00000     0.00000     2.00000 = bottom left
    11.00000     0.00000     0.00000 = bottom right
    11.00000     1.00000     1.00000 = center

     Contour interval =  0.50000 eV
