
          BZ Data-set: "G:\BZ Diamond\diamond"




          EXPECTATION VALUE OF OPERATORS FOR POINT = (  0.0000  0.0000  0.0000)

                     1 Identity       8 C3             3 C2=C4(2)       6 C2             6 C4             1 Inversion      6 S4             6 Sigma-d        8 S6             3 Sigma-h     
  1  -37.9809  1 ( 1.000  0.000)  ( 1.000  0.000)  ( 1.000  0.000)  ( 1.000  0.000)  ( 1.000  0.000)  ( 1.000  0.000)  ( 1.000  0.000)  ( 1.000  0.000)  ( 1.000  0.000)  ( 1.000  0.000) 
  2   -9.8016  2 ( 3.000  0.000)  ( 0.000  0.000)  (-1.000  0.000)  ( 1.000  0.000)  (-1.000  0.000)  ( 3.000  0.000)  (-1.000  0.000)  ( 1.000  0.000)  ( 0.000  0.000)  (-1.000  0.000) 
  5   -0.1211  3 ( 3.000  0.000)  ( 0.000  0.000)  (-1.000  0.000)  (-1.000  0.000)  ( 1.000  0.000)  (-3.000  0.000)  (-1.000  0.000)  ( 1.000  0.000)  ( 0.000  0.000)  ( 1.000  0.000) 
  8    3.1150  4 ( 1.000  0.000)  ( 1.000  0.000)  ( 1.000  0.000)  (-1.000  0.000)  (-1.000  0.000)  (-1.000  0.000)  ( 1.000  0.000)  ( 1.000  0.000)  (-1.000  0.000)  (-1.000  0.000) 
