 MERS=(3,5,5)  GNORM=5 TV=(  6.6960  2.4545  2.4545)
      Graphite, orientated so that the "c" axis is along the "x" direction
let symmetry int
  C     0.00000000 +1   0.00000000 +1   0.00000000 +1
  C    -3.34800000 +1   0.00000000 +1   0.00000000 +1
  C    -3.34800000 +1   1.41711300 +1   0.00000000 +1
  C     0.00000000 +1  -1.41711300 +1   0.00000000 +1
  C     6.69600000 +1   0.00000000 +1   0.00000000 +1
  C     3.34800000 +1   0.00000000 +1   0.00000000 +1
  C     3.34800000 +1   1.41711300 +1   0.00000000 +1
  C     6.69600000 +1  -1.41711300 +1   0.00000000 +1
  C    13.39200000 +1   0.00000000 +1   0.00000000 +1
  C    10.04400000 +1   0.00000000 +1   0.00000000 +1
  C    10.04400000 +1   1.41711300 +1   0.00000000 +1
  C    13.39200000 +1  -1.41711300 +1   0.00000000 +1
  C     0.00000000 +1   2.12566975 +1   1.22725600 +1
  C    -3.34800000 +1   2.12566975 +1   1.22725600 +1
  C    -3.34800000 +1   3.54278275 +1   1.22725600 +1
  C     0.00000000 +1   0.70855675 +1   1.22725600 +1
  C     6.69600000 +1   2.12566975 +1   1.22725600 +1
  C     3.34800000 +1   2.12566975 +1   1.22725600 +1
  C     3.34800000 +1   3.54278275 +1   1.22725600 +1
  C     6.69600000 +1   0.70855675 +1   1.22725600 +1
  C    13.39200000 +1   2.12566975 +1   1.22725600 +1
  C    10.04400000 +1   2.12566975 +1   1.22725600 +1
  C    10.04400000 +1   3.54278275 +1   1.22725600 +1
  C    13.39200000 +1   0.70855675 +1   1.22725600 +1
  C     0.00000000 +1   4.25133950 +1   2.45451200 +1
  C    -3.34800000 +1   4.25133950 +1   2.45451200 +1
  C    -3.34800000 +1   5.66845250 +1   2.45451200 +1
  C     0.00000000 +1   2.83422650 +1   2.45451200 +1
  C     6.69600000 +1   4.25133950 +1   2.45451200 +1
  C     3.34800000 +1   4.25133950 +1   2.45451200 +1
  C     3.34800000 +1   5.66845250 +1   2.45451200 +1
  C     6.69600000 +1   2.83422650 +1   2.45451200 +1
  C    13.39200000 +1   4.25133950 +1   2.45451200 +1
  C    10.04400000 +1   4.25133950 +1   2.45451200 +1
  C    10.04400000 +1   5.66845250 +1   2.45451200 +1
  C    13.39200000 +1   2.83422650 +1   2.45451200 +1
  C     0.00000000 +1   6.37700925 +1   3.68176800 +1
  C    -3.34800000 +1   6.37700925 +1   3.68176800 +1
  C    -3.34800000 +1   7.79412225 +1   3.68176800 +1
  C     0.00000000 +1   4.95989625 +1   3.68176800 +1
  C     6.69600000 +1   6.37700925 +1   3.68176800 +1
  C     3.34800000 +1   6.37700925 +1   3.68176800 +1
  C     3.34800000 +1   7.79412225 +1   3.68176800 +1
  C     6.69600000 +1   4.95989625 +1   3.68176800 +1
  C    13.39200000 +1   6.37700925 +1   3.68176800 +1
  C    10.04400000 +1   6.37700925 +1   3.68176800 +1
  C    10.04400000 +1   7.79412225 +1   3.68176800 +1
  C    13.39200000 +1   4.95989625 +1   3.68176800 +1
  C     0.00000000 +1   8.50267900 +1   4.90902400 +1
  C    -3.34800000 +1   8.50267900 +1   4.90902400 +1
  C    -3.34800000 +1   9.91979200 +1   4.90902400 +1
  C     0.00000000 +1   7.08556600 +1   4.90902400 +1
  C     6.69600000 +1   8.50267900 +1   4.90902400 +1
  C     3.34800000 +1   8.50267900 +1   4.90902400 +1
  C     3.34800000 +1   9.91979200 +1   4.90902400 +1
  C     6.69600000 +1   7.08556600 +1   4.90902400 +1
  C    13.39200000 +1   8.50267900 +1   4.90902400 +1
  C    10.04400000 +1   8.50267900 +1   4.90902400 +1
  C    10.04400000 +1   9.91979200 +1   4.90902400 +1
  C    13.39200000 +1   7.08556600 +1   4.90902400 +1
  C     0.00000000 +1   2.12566950 +1  -1.22725586 +1
  C    -3.34800000 +1   2.12566950 +1  -1.22725586 +1
  C    -3.34800000 +1   3.54278250 +1  -1.22725586 +1
  C     0.00000000 +1   0.70855650 +1  -1.22725586 +1
  C     6.69600000 +1   2.12566950 +1  -1.22725586 +1
  C     3.34800000 +1   2.12566950 +1  -1.22725586 +1
  C     3.34800000 +1   3.54278250 +1  -1.22725586 +1
  C     6.69600000 +1   0.70855650 +1  -1.22725586 +1
  C    13.39200000 +1   2.12566950 +1  -1.22725586 +1
  C    10.04400000 +1   2.12566950 +1  -1.22725586 +1
  C    10.04400000 +1   3.54278250 +1  -1.22725586 +1
  C    13.39200000 +1   0.70855650 +1  -1.22725586 +1
  C     0.00000000 +1   4.25133925 +1   0.00000014 +1
  C    -3.34800000 +1   4.25133925 +1   0.00000014 +1
  C    -3.34800000 +1   5.66845225 +1   0.00000014 +1
  C     0.00000000 +1   2.83422625 +1   0.00000014 +1
  C     6.69600000 +1   4.25133925 +1   0.00000014 +1
  C     3.34800000 +1   4.25133925 +1   0.00000014 +1
  C     3.34800000 +1   5.66845225 +1   0.00000014 +1
  C     6.69600000 +1   2.83422625 +1   0.00000014 +1
  C    13.39200000 +1   4.25133925 +1   0.00000014 +1
  C    10.04400000 +1   4.25133925 +1   0.00000014 +1
  C    10.04400000 +1   5.66845225 +1   0.00000014 +1
  C    13.39200000 +1   2.83422625 +1   0.00000014 +1
  C     0.00000000 +1   6.37700900 +1   1.22725614 +1
  C    -3.34800000 +1   6.37700900 +1   1.22725614 +1
  C    -3.34800000 +1   7.79412200 +1   1.22725614 +1
  C     0.00000000 +1   4.95989600 +1   1.22725614 +1
  C     6.69600000 +1   6.37700900 +1   1.22725614 +1
  C     3.34800000 +1   6.37700900 +1   1.22725614 +1
  C     3.34800000 +1   7.79412200 +1   1.22725614 +1
  C     6.69600000 +1   4.95989600 +1   1.22725614 +1
  C    13.39200000 +1   6.37700900 +1   1.22725614 +1
  C    10.04400000 +1   6.37700900 +1   1.22725614 +1
  C    10.04400000 +1   7.79412200 +1   1.22725614 +1
  C    13.39200000 +1   4.95989600 +1   1.22725614 +1
  C     0.00000000 +1   8.50267875 +1   2.45451214 +1
  C    -3.34800000 +1   8.50267875 +1   2.45451214 +1
  C    -3.34800000 +1   9.91979175 +1   2.45451214 +1
  C     0.00000000 +1   7.08556575 +1   2.45451214 +1
  C     6.69600000 +1   8.50267875 +1   2.45451214 +1
  C     3.34800000 +1   8.50267875 +1   2.45451214 +1
  C     3.34800000 +1   9.91979175 +1   2.45451214 +1
  C     6.69600000 +1   7.08556575 +1   2.45451214 +1
  C    13.39200000 +1   8.50267875 +1   2.45451214 +1
  C    10.04400000 +1   8.50267875 +1   2.45451214 +1
  C    10.04400000 +1   9.91979175 +1   2.45451214 +1
  C    13.39200000 +1   7.08556575 +1   2.45451214 +1
  C     0.00000000 +1  10.62834850 +1   3.68176814 +1
  C    -3.34800000 +1  10.62834850 +1   3.68176814 +1
  C    -3.34800000 +1  12.04546150 +1   3.68176814 +1
  C     0.00000000 +1   9.21123550 +1   3.68176814 +1
  C     6.69600000 +1  10.62834850 +1   3.68176814 +1
  C     3.34800000 +1  10.62834850 +1   3.68176814 +1
  C     3.34800000 +1  12.04546150 +1   3.68176814 +1
  C     6.69600000 +1   9.21123550 +1   3.68176814 +1
  C    13.39200000 +1  10.62834850 +1   3.68176814 +1
  C    10.04400000 +1  10.62834850 +1   3.68176814 +1
  C    10.04400000 +1  12.04546150 +1   3.68176814 +1
  C    13.39200000 +1   9.21123550 +1   3.68176814 +1
  C     0.00000000 +1   4.25133900 +1  -2.45451172 +1
  C    -3.34800000 +1   4.25133900 +1  -2.45451172 +1
  C    -3.34800000 +1   5.66845200 +1  -2.45451172 +1
  C     0.00000000 +1   2.83422600 +1  -2.45451172 +1
  C     6.69600000 +1   4.25133900 +1  -2.45451172 +1
  C     3.34800000 +1   4.25133900 +1  -2.45451172 +1
  C     3.34800000 +1   5.66845200 +1  -2.45451172 +1
  C     6.69600000 +1   2.83422600 +1  -2.45451172 +1
  C    13.39200000 +1   4.25133900 +1  -2.45451172 +1
  C    10.04400000 +1   4.25133900 +1  -2.45451172 +1
  C    10.04400000 +1   5.66845200 +1  -2.45451172 +1
  C    13.39200000 +1   2.83422600 +1  -2.45451172 +1
  C     0.00000000 +1   6.37700875 +1  -1.22725572 +1
  C    -3.34800000 +1   6.37700875 +1  -1.22725572 +1
  C    -3.34800000 +1   7.79412175 +1  -1.22725572 +1
  C     0.00000000 +1   4.95989575 +1  -1.22725572 +1
  C     6.69600000 +1   6.37700875 +1  -1.22725572 +1
  C     3.34800000 +1   6.37700875 +1  -1.22725572 +1
  C     3.34800000 +1   7.79412175 +1  -1.22725572 +1
  C     6.69600000 +1   4.95989575 +1  -1.22725572 +1
  C    13.39200000 +1   6.37700875 +1  -1.22725572 +1
  C    10.04400000 +1   6.37700875 +1  -1.22725572 +1
  C    10.04400000 +1   7.79412175 +1  -1.22725572 +1
  C    13.39200000 +1   4.95989575 +1  -1.22725572 +1
  C     0.00000000 +1   8.50267850 +1   0.00000028 +1
  C    -3.34800000 +1   8.50267850 +1   0.00000028 +1
  C    -3.34800000 +1   9.91979150 +1   0.00000028 +1
  C     0.00000000 +1   7.08556550 +1   0.00000028 +1
  C     6.69600000 +1   8.50267850 +1   0.00000028 +1
  C     3.34800000 +1   8.50267850 +1   0.00000028 +1
  C     3.34800000 +1   9.91979150 +1   0.00000028 +1
  C     6.69600000 +1   7.08556550 +1   0.00000028 +1
  C    13.39200000 +1   8.50267850 +1   0.00000028 +1
  C    10.04400000 +1   8.50267850 +1   0.00000028 +1
  C    10.04400000 +1   9.91979150 +1   0.00000028 +1
  C    13.39200000 +1   7.08556550 +1   0.00000028 +1
  C     0.00000000 +1  10.62834825 +1   1.22725628 +1
  C    -3.34800000 +1  10.62834825 +1   1.22725628 +1
  C    -3.34800000 +1  12.04546125 +1   1.22725628 +1
  C     0.00000000 +1   9.21123525 +1   1.22725628 +1
  C     6.69600000 +1  10.62834825 +1   1.22725628 +1
  C     3.34800000 +1  10.62834825 +1   1.22725628 +1
  C     3.34800000 +1  12.04546125 +1   1.22725628 +1
  C     6.69600000 +1   9.21123525 +1   1.22725628 +1
  C    13.39200000 +1  10.62834825 +1   1.22725628 +1
  C    10.04400000 +1  10.62834825 +1   1.22725628 +1
  C    10.04400000 +1  12.04546125 +1   1.22725628 +1
  C    13.39200000 +1   9.21123525 +1   1.22725628 +1
  C     0.00000000 +1  12.75401800 +1   2.45451228 +1
  C    -3.34800000 +1  12.75401800 +1   2.45451228 +1
  C    -3.34800000 +1  14.17113100 +1   2.45451228 +1
  C     0.00000000 +1  11.33690500 +1   2.45451228 +1
  C     6.69600000 +1  12.75401800 +1   2.45451228 +1
  C     3.34800000 +1  12.75401800 +1   2.45451228 +1
  C     3.34800000 +1  14.17113100 +1   2.45451228 +1
  C     6.69600000 +1  11.33690500 +1   2.45451228 +1
  C    13.39200000 +1  12.75401800 +1   2.45451228 +1
  C    10.04400000 +1  12.75401800 +1   2.45451228 +1
  C    10.04400000 +1  14.17113100 +1   2.45451228 +1
  C    13.39200000 +1  11.33690500 +1   2.45451228 +1
  C     0.00000000 +1   6.37700850 +1  -3.68176758 +1
  C    -3.34800000 +1   6.37700850 +1  -3.68176758 +1
  C    -3.34800000 +1   7.79412150 +1  -3.68176758 +1
  C     0.00000000 +1   4.95989550 +1  -3.68176758 +1
  C     6.69600000 +1   6.37700850 +1  -3.68176758 +1
  C     3.34800000 +1   6.37700850 +1  -3.68176758 +1
  C     3.34800000 +1   7.79412150 +1  -3.68176758 +1
  C     6.69600000 +1   4.95989550 +1  -3.68176758 +1
  C    13.39200000 +1   6.37700850 +1  -3.68176758 +1
  C    10.04400000 +1   6.37700850 +1  -3.68176758 +1
  C    10.04400000 +1   7.79412150 +1  -3.68176758 +1
  C    13.39200000 +1   4.95989550 +1  -3.68176758 +1
  C     0.00000000 +1   8.50267825 +1  -2.45451158 +1
  C    -3.34800000 +1   8.50267825 +1  -2.45451158 +1
  C    -3.34800000 +1   9.91979125 +1  -2.45451158 +1
  C     0.00000000 +1   7.08556525 +1  -2.45451158 +1
  C     6.69600000 +1   8.50267825 +1  -2.45451158 +1
  C     3.34800000 +1   8.50267825 +1  -2.45451158 +1
  C     3.34800000 +1   9.91979125 +1  -2.45451158 +1
  C     6.69600000 +1   7.08556525 +1  -2.45451158 +1
  C    13.39200000 +1   8.50267825 +1  -2.45451158 +1
  C    10.04400000 +1   8.50267825 +1  -2.45451158 +1
  C    10.04400000 +1   9.91979125 +1  -2.45451158 +1
  C    13.39200000 +1   7.08556525 +1  -2.45451158 +1
  C     0.00000000 +1  10.62834800 +1  -1.22725558 +1
  C    -3.34800000 +1  10.62834800 +1  -1.22725558 +1
  C    -3.34800000 +1  12.04546100 +1  -1.22725558 +1
  C     0.00000000 +1   9.21123500 +1  -1.22725558 +1
  C     6.69600000 +1  10.62834800 +1  -1.22725558 +1
  C     3.34800000 +1  10.62834800 +1  -1.22725558 +1
  C     3.34800000 +1  12.04546100 +1  -1.22725558 +1
  C     6.69600000 +1   9.21123500 +1  -1.22725558 +1
  C    13.39200000 +1  10.62834800 +1  -1.22725558 +1
  C    10.04400000 +1  10.62834800 +1  -1.22725558 +1
  C    10.04400000 +1  12.04546100 +1  -1.22725558 +1
  C    13.39200000 +1   9.21123500 +1  -1.22725558 +1
  C     0.00000000 +1  12.75401775 +1   0.00000042 +1
  C    -3.34800000 +1  12.75401775 +1   0.00000042 +1
  C    -3.34800000 +1  14.17113075 +1   0.00000042 +1
  C     0.00000000 +1  11.33690475 +1   0.00000042 +1
  C     6.69600000 +1  12.75401775 +1   0.00000042 +1
  C     3.34800000 +1  12.75401775 +1   0.00000042 +1
  C     3.34800000 +1  14.17113075 +1   0.00000042 +1
  C     6.69600000 +1  11.33690475 +1   0.00000042 +1
  C    13.39200000 +1  12.75401775 +1   0.00000042 +1
  C    10.04400000 +1  12.75401775 +1   0.00000042 +1
  C    10.04400000 +1  14.17113075 +1   0.00000042 +1
  C    13.39200000 +1  11.33690475 +1   0.00000042 +1
  C     0.00000000 +1  14.87968750 +1   1.22725642 +1
  C    -3.34800000 +1  14.87968750 +1   1.22725642 +1
  C    -3.34800000 +1  16.29680050 +1   1.22725642 +1
  C     0.00000000 +1  13.46257450 +1   1.22725642 +1
  C     6.69600000 +1  14.87968750 +1   1.22725642 +1
  C     3.34800000 +1  14.87968750 +1   1.22725642 +1
  C     3.34800000 +1  16.29680050 +1   1.22725642 +1
  C     6.69600000 +1  13.46257450 +1   1.22725642 +1
  C    13.39200000 +1  14.87968750 +1   1.22725642 +1
  C    10.04400000 +1  14.87968750 +1   1.22725642 +1
  C    10.04400000 +1  16.29680050 +1   1.22725642 +1
  C    13.39200000 +1  13.46257450 +1   1.22725642 +1
  C     0.00000000 +1   8.50267800 +1  -4.90902344 +1
  C    -3.34800000 +1   8.50267800 +1  -4.90902344 +1
  C    -3.34800000 +1   9.91979100 +1  -4.90902344 +1
  C     0.00000000 +1   7.08556500 +1  -4.90902344 +1
  C     6.69600000 +1   8.50267800 +1  -4.90902344 +1
  C     3.34800000 +1   8.50267800 +1  -4.90902344 +1
  C     3.34800000 +1   9.91979100 +1  -4.90902344 +1
  C     6.69600000 +1   7.08556500 +1  -4.90902344 +1
  C    13.39200000 +1   8.50267800 +1  -4.90902344 +1
  C    10.04400000 +1   8.50267800 +1  -4.90902344 +1
  C    10.04400000 +1   9.91979100 +1  -4.90902344 +1
  C    13.39200000 +1   7.08556500 +1  -4.90902344 +1
  C     0.00000000 +1  10.62834775 +1  -3.68176744 +1
  C    -3.34800000 +1  10.62834775 +1  -3.68176744 +1
  C    -3.34800000 +1  12.04546075 +1  -3.68176744 +1
  C     0.00000000 +1   9.21123475 +1  -3.68176744 +1
  C     6.69600000 +1  10.62834775 +1  -3.68176744 +1
  C     3.34800000 +1  10.62834775 +1  -3.68176744 +1
  C     3.34800000 +1  12.04546075 +1  -3.68176744 +1
  C     6.69600000 +1   9.21123475 +1  -3.68176744 +1
  C    13.39200000 +1  10.62834775 +1  -3.68176744 +1
  C    10.04400000 +1  10.62834775 +1  -3.68176744 +1
  C    10.04400000 +1  12.04546075 +1  -3.68176744 +1
  C    13.39200000 +1   9.21123475 +1  -3.68176744 +1
  C     0.00000000 +1  12.75401750 +1  -2.45451144 +1
  C    -3.34800000 +1  12.75401750 +1  -2.45451144 +1
  C    -3.34800000 +1  14.17113050 +1  -2.45451144 +1
  C     0.00000000 +1  11.33690450 +1  -2.45451144 +1
  C     6.69600000 +1  12.75401750 +1  -2.45451144 +1
  C     3.34800000 +1  12.75401750 +1  -2.45451144 +1
  C     3.34800000 +1  14.17113050 +1  -2.45451144 +1
  C     6.69600000 +1  11.33690450 +1  -2.45451144 +1
  C    13.39200000 +1  12.75401750 +1  -2.45451144 +1
  C    10.04400000 +1  12.75401750 +1  -2.45451144 +1
  C    10.04400000 +1  14.17113050 +1  -2.45451144 +1
  C    13.39200000 +1  11.33690450 +1  -2.45451144 +1
  C     0.00000000 +1  14.87968725 +1  -1.22725544 +1
  C    -3.34800000 +1  14.87968725 +1  -1.22725544 +1
  C    -3.34800000 +1  16.29680025 +1  -1.22725544 +1
  C     0.00000000 +1  13.46257425 +1  -1.22725544 +1
  C     6.69600000 +1  14.87968725 +1  -1.22725544 +1
  C     3.34800000 +1  14.87968725 +1  -1.22725544 +1
  C     3.34800000 +1  16.29680025 +1  -1.22725544 +1
  C     6.69600000 +1  13.46257425 +1  -1.22725544 +1
  C    13.39200000 +1  14.87968725 +1  -1.22725544 +1
  C    10.04400000 +1  14.87968725 +1  -1.22725544 +1
  C    10.04400000 +1  16.29680025 +1  -1.22725544 +1
  C    13.39200000 +1  13.46257425 +1  -1.22725544 +1
  C     0.00000000 +1  17.00535700 +1   0.00000056 +1
  C    -3.34800000 +1  17.00535700 +1   0.00000056 +1
  C    -3.34800000 +1  18.42247000 +1   0.00000056 +1
  C     0.00000000 +1  15.58824400 +1   0.00000056 +1
  C     6.69600000 +1  17.00535700 +1   0.00000056 +1
  C     3.34800000 +1  17.00535700 +1   0.00000056 +1
  C     3.34800000 +1  18.42247000 +1   0.00000056 +1
  C     6.69600000 +1  15.58824400 +1   0.00000056 +1
  C    13.39200000 +1  17.00535700 +1   0.00000056 +1
  C    10.04400000 +1  17.00535700 +1   0.00000056 +1
  C    10.04400000 +1  18.42247000 +1   0.00000056 +1
  C    13.39200000 +1  15.58824400 +1   0.00000056 +1
 Tv    20.08800000 +1   0.00000000 +1   0.00000000 +1 
 Tv     0.00000000 +1  10.62834875 +1   6.13628000 +1 
 Tv     0.00000000 +1  10.62834750 +1  -6.13627930 +1 
 
