   0.000  10.000
   0.000 -30.000 -29.859 -20.624 -17.192 -11.549 -11.011 -10.609   3.762   3.964   5.290   6.340   6.649   6.668
   0.003 -30.000 -29.859 -20.624 -17.192 -11.549 -11.011 -10.609   3.763   3.965   5.290   6.340   6.649   6.668
   0.007 -30.000 -29.858 -20.623 -17.191 -11.549 -11.011 -10.611   3.763   3.965   5.290   6.340   6.650   6.668
   0.010 -30.000 -29.856 -20.621 -17.189 -11.549 -11.011 -10.615   3.763   3.966   5.290   6.340   6.650   6.668
   0.013 -30.000 -29.853 -20.619 -17.187 -11.550 -11.011 -10.620   3.764   3.968   5.290   6.340   6.650   6.668
   0.017 -30.000 -29.850 -20.616 -17.184 -11.551 -11.011 -10.626   3.765   3.970   5.291   6.340   6.650   6.668
   0.020 -30.000 -29.846 -20.612 -17.180 -11.551 -11.012 -10.634   3.766   3.973   5.291   6.339   6.651   6.668
   0.023 -30.000 -29.841 -20.608 -17.175 -11.553 -11.012 -10.643   3.767   3.975   5.292   6.339   6.651   6.668
   0.027 -30.000 -29.835 -20.603 -17.170 -11.554 -11.012 -10.653   3.769   3.979   5.293   6.339   6.652   6.668
   0.030 -30.000 -29.828 -20.598 -17.165 -11.555 -11.012 -10.665   3.771   3.983   5.294   6.338   6.652   6.669
   0.033 -30.000 -29.821 -20.592 -17.158 -11.557 -11.012 -10.678   3.772   3.987   5.295   6.338   6.653   6.669
   0.037 -30.000 -29.813 -20.585 -17.151 -11.558 -11.012 -10.693   3.775   3.992   5.296   6.338   6.654   6.669
   0.040 -30.000 -29.804 -20.578 -17.143 -11.560 -11.012 -10.709   3.777   3.997   5.297   6.337   6.655   6.669
   0.043 -30.000 -29.795 -20.570 -17.135 -11.562 -11.013 -10.726   3.779   4.002   5.298   6.337   6.656   6.669
   0.047 -30.000 -29.784 -20.561 -17.126 -11.564 -11.013 -10.745   3.782   4.008   5.300   6.336   6.657   6.670
   0.050 -30.000 -29.773 -20.552 -17.116 -11.567 -11.013 -10.765   3.785   4.014   5.301   6.335   6.658   6.670
   0.053 -30.000 -29.761 -20.542 -17.106 -11.569 -11.013 -10.786   3.788   4.021   5.303   6.335   6.659   6.670
   0.057 -30.000 -29.749 -20.532 -17.095 -11.572 -11.014 -10.809   3.791   4.028   5.304   6.334   6.660   6.671
   0.060 -30.000 -29.736 -20.521 -17.083 -11.575 -11.014 -10.833   3.795   4.036   5.306   6.333   6.661   6.671
   0.063 -30.000 -29.721 -20.509 -17.071 -11.578 -11.015 -10.858   3.798   4.044   5.308   6.333   6.662   6.671
   0.067 -30.000 -29.707 -20.497 -17.058 -11.581 -11.015 -10.885   3.802   4.052   5.310   6.332   6.664   6.672
   0.070 -30.000 -29.691 -20.484 -17.044 -11.585 -11.015 -10.912   3.806   4.061   5.312   6.331   6.665   6.672
   0.073 -30.000 -29.675 -20.471 -17.030 -11.588 -11.016 -10.941   3.811   4.070   5.314   6.330   6.667   6.673
   0.077 -30.000 -29.657 -20.457 -17.015 -11.592 -11.017 -10.972   3.815   4.079   5.316   6.329   6.668   6.673
   0.080 -30.000 -29.640 -20.442 -16.999 -11.596 -11.018 -11.003   3.820   4.089   5.318   6.328   6.670   6.674
   0.083 -30.000 -29.621 -20.427 -16.983 -11.600 -11.037 -11.017   3.825   4.099   5.321   6.327   6.671   6.675
   0.087 -30.000 -29.602 -20.411 -16.966 -11.604 -11.070 -11.018   3.830   4.109   5.323   6.326   6.672   6.676
   0.090 -30.000 -29.581 -20.395 -16.949 -11.609 -11.105 -11.019   3.835   4.119   5.326   6.325   6.673   6.677
   0.093 -30.000 -29.561 -20.378 -16.931 -11.614 -11.141 -11.020   3.840   4.130   5.329   6.324   6.674   6.678
   0.097 -30.000 -29.539 -20.361 -16.912 -11.619 -11.179 -11.021   3.846   4.142   5.331   6.323   6.675   6.680
   0.100 -30.000 -29.517 -20.343 -16.893 -11.624 -11.217 -11.021   3.852   4.153   5.334   6.322   6.676   6.682
   0.103 -30.000 -29.493 -20.325 -16.873 -11.629 -11.257 -11.022   3.858   4.165   5.337   6.321   6.676   6.684
   0.107 -30.000 -29.470 -20.306 -16.853 -11.634 -11.298 -11.023   3.864   4.177   5.340   6.320   6.677   6.686
   0.110 -30.000 -29.445 -20.287 -16.832 -11.640 -11.339 -11.024   3.870   4.189   5.343   6.318   6.678   6.688
   0.113 -30.000 -29.420 -20.267 -16.810 -11.646 -11.382 -11.026   3.877   4.201   5.347   6.317   6.678   6.690
   0.117 -30.000 -29.394 -20.247 -16.788 -11.652 -11.426 -11.027   3.884   4.214   5.350   6.316   6.679   6.692
   0.120 -30.000 -29.367 -20.226 -16.766 -11.658 -11.471 -11.028   3.891   4.227   5.353   6.314   6.680   6.694
   0.123 -30.000 -29.339 -20.205 -16.742 -11.665 -11.517 -11.029   3.898   4.240   5.357   6.313   6.680   6.697
   0.127 -30.000 -29.311 -20.184 -16.719 -11.671 -11.563 -11.031   3.905   4.253   5.360   6.311   6.681   6.699
   0.130 -30.000 -29.282 -20.162 -16.694 -11.678 -11.611 -11.032   3.912   4.267   5.364   6.310   6.682   6.701
   0.133 -30.000 -29.252 -20.139 -16.669 -11.686 -11.659 -11.034   3.920   4.280   5.368   6.308   6.682   6.704
   0.137 -30.000 -29.221 -20.116 -16.644 -11.710 -11.692 -11.036   3.928   4.294   5.371   6.307   6.683   6.706
   0.140 -30.000 -29.190 -20.093 -16.618 -11.760 -11.700 -11.038   3.936   4.308   5.375   6.305   6.684   6.708
   0.143 -30.000 -29.158 -20.070 -16.592 -11.811 -11.708 -11.040   3.944   4.322   5.379   6.303   6.685   6.711
   0.147 -30.000 -29.125 -20.046 -16.565 -11.863 -11.716 -11.042   3.952   4.336   5.383   6.302   6.685   6.713
   0.150 -30.000 -29.092 -20.021 -16.537 -11.916 -11.724 -11.044   3.960   4.350   5.387   6.300   6.686   6.716
   0.153 -30.000 -29.058 -19.997 -16.510 -11.969 -11.733 -11.046   3.969   4.364   5.391   6.298   6.687   6.718
   0.157 -30.000 -29.023 -19.972 -16.481 -12.024 -11.741 -11.048   3.978   4.378   5.395   6.297   6.688   6.721
   0.160 -30.000 -28.987 -19.947 -16.452 -12.079 -11.750 -11.051   3.986   4.393   5.400   6.295   6.689   6.723
   0.163 -30.000 -28.951 -19.921 -16.423 -12.135 -11.759 -11.053   3.995   4.407   5.404   6.293   6.689   6.726
   0.167 -30.000 -28.914 -19.896 -16.393 -12.191 -11.769 -11.056   4.005   4.422   5.408   6.291   6.690   6.729
   0.170 -30.000 -28.876 -19.870 -16.363 -12.248 -11.778 -11.059   4.014   4.436   5.413   6.289   6.691   6.731
   0.173 -30.000 -28.838 -19.844 -16.332 -12.305 -11.788 -11.062   4.023   4.451   5.417   6.287   6.692   6.734
   0.177 -30.000 -28.798 -19.817 -16.301 -12.364 -11.798 -11.065   4.033   4.465   5.422   6.285   6.693   6.736
   0.180 -30.000 -28.758 -19.791 -16.269 -12.422 -11.808 -11.068   4.043   4.480   5.427   6.283   6.694   6.739
   0.183 -30.000 -28.718 -19.764 -16.238 -12.481 -11.819 -11.072   4.052   4.494   5.431   6.281   6.695   6.741
   0.187 -30.000 -28.676 -19.737 -16.205 -12.541 -11.830 -11.076   4.062   4.509   5.436   6.279   6.696   6.744
   0.190 -30.000 -28.634 -19.710 -16.172 -12.601 -11.841 -11.079   4.072   4.523   5.441   6.277   6.696   6.747
   0.193 -30.000 -28.591 -19.684 -16.139 -12.662 -11.852 -11.083   4.083   4.538   5.446   6.275   6.697   6.749
   0.197 -30.000 -28.548 -19.657 -16.106 -12.723 -11.864 -11.087   4.093   4.552   5.451   6.273   6.698   6.752
   0.200 -30.000 -28.504 -19.630 -16.072 -12.784 -11.876 -11.092   4.103   4.566   5.456   6.271   6.699   6.754
   0.203 -30.000 -28.459 -19.603 -16.037 -12.845 -11.888 -11.096   4.114   4.581   5.461   6.268   6.700   6.757
   0.207 -30.000 -28.413 -19.576 -16.003 -12.907 -11.900 -11.101   4.125   4.595   5.466   6.266   6.701   6.759
   0.210 -30.000 -28.367 -19.549 -15.968 -12.969 -11.913 -11.105   4.135   4.609   5.471   6.264   6.702   6.762
   0.213 -30.000 -28.320 -19.522 -15.932 -13.031 -11.926 -11.110   4.146   4.623   5.476   6.262   6.703   6.764
   0.217 -30.000 -28.272 -19.496 -15.897 -13.094 -11.939 -11.115   4.157   4.637   5.482   6.259   6.704   6.766
   0.220 -30.000 -28.224 -19.469 -15.861 -13.156 -11.953 -11.121   4.169   4.651   5.487   6.257   6.705   6.769
   0.223 -30.000 -28.175 -19.443 -15.824 -13.219 -11.967 -11.126   4.180   4.665   5.492   6.254   6.706   6.771
   0.227 -30.000 -28.125 -19.417 -15.788 -13.281 -11.981 -11.132   4.191   4.678   5.498   6.252   6.707   6.773
   0.230 -30.000 -28.075 -19.391 -15.751 -13.344 -11.995 -11.138   4.202   4.692   5.503   6.250   6.708   6.776
   0.233 -30.000 -28.023 -19.366 -15.714 -13.406 -12.010 -11.144   4.214   4.705   5.508   6.247   6.709   6.778
   0.237 -30.000 -27.972 -19.341 -15.676 -13.468 -12.025 -11.151   4.226   4.719   5.514   6.245   6.710   6.780
   0.240 -30.000 -27.919 -19.317 -15.639 -13.530 -12.040 -11.157   4.237   4.732   5.519   6.242   6.711   6.782
   0.243 -30.000 -27.866 -19.293 -15.601 -13.592 -12.055 -11.164   4.249   4.745   5.525   6.240   6.712   6.785
   0.247 -30.000 -27.812 -19.270 -15.562 -13.654 -12.071 -11.171   4.261   4.758   5.531   6.237   6.713   6.787
   0.250 -30.000 -27.758 -19.247 -15.524 -13.715 -12.087 -11.179   4.273   4.770   5.536   6.234   6.714   6.789
   0.253 -30.000 -27.703 -19.225 -15.485 -13.776 -12.104 -11.186   4.285   4.783   5.542   6.232   6.716   6.791
   0.257 -30.000 -27.647 -19.204 -15.446 -13.836 -12.121 -11.194   4.297   4.795   5.547   6.229   6.717   6.793
   0.260 -30.000 -27.591 -19.183 -15.407 -13.896 -12.138 -11.202   4.309   4.808   5.553   6.226   6.718   6.795
   0.263 -30.000 -27.534 -19.163 -15.368 -13.955 -12.155 -11.210   4.321   4.820   5.559   6.224   6.719   6.796
   0.267 -30.000 -27.476 -19.145 -15.329 -14.013 -12.173 -11.219   4.333   4.832   5.565   6.221   6.720   6.798
   0.270 -30.000 -27.418 -19.127 -15.289 -14.071 -12.191 -11.228   4.346   4.844   5.570   6.218   6.721   6.800
   0.273 -30.000 -27.359 -19.110 -15.249 -14.127 -12.209 -11.237   4.358   4.855   5.576   6.215   6.722   6.802
   0.277 -30.000 -27.300 -19.095 -15.209 -14.183 -12.228 -11.246   4.371   4.867   5.582   6.212   6.723   6.803
   0.280 -30.000 -27.239 -19.080 -15.169 -14.238 -12.247 -11.256   4.383   4.878   5.588   6.210   6.724   6.805
   0.283 -30.000 -27.179 -19.067 -15.129 -14.292 -12.266 -11.266   4.396   4.889   5.594   6.207   6.725   6.807
   0.287 -30.000 -27.117 -19.056 -15.088 -14.344 -12.285 -11.276   4.408   4.900   5.600   6.204   6.726   6.808
   0.290 -30.000 -27.055 -19.046 -15.048 -14.395 -12.305 -11.286   4.421   4.910   5.605   6.201   6.727   6.809
   0.293 -30.000 -26.993 -19.037 -15.007 -14.445 -12.326 -11.297   4.433   4.921   5.611   6.198   6.728   6.811
   0.297 -30.000 -26.930 -19.030 -14.967 -14.494 -12.346 -11.308   4.446   4.931   5.617   6.195   6.730   6.812
   0.300 -30.000 -26.866 -19.025 -14.926 -14.541 -12.367 -11.319   4.459   4.941   5.623   6.192   6.731   6.813
   0.303 -30.000 -26.802 -19.022 -14.885 -14.586 -12.388 -11.331   4.472   4.951   5.629   6.189   6.732   6.815
   0.307 -30.000 -26.737 -19.021 -14.844 -14.629 -12.410 -11.343   4.484   4.960   5.635   6.186   6.733   6.816
   0.310 -30.000 -26.671 -19.022 -14.804 -14.670 -12.432 -11.355   4.497   4.970   5.641   6.183   6.734   6.817
   0.313 -30.000 -26.605 -19.024 -14.766 -14.707 -12.454 -11.368   4.510   4.979   5.647   6.179   6.735   6.818
   0.317 -30.000 -26.538 -19.029 -14.757 -14.713 -12.476 -11.380   4.522   4.988   5.653   6.176   6.736   6.819
   0.320 -30.000 -26.471 -19.037 -14.788 -14.676 -12.499 -11.394   4.535   4.997   5.659   6.173   6.737   6.820
   0.323 -30.000 -26.403 -19.046 -14.821 -14.636 -12.522 -11.407   4.548   5.005   5.665   6.170   6.738   6.820
   0.327 -30.000 -26.335 -19.058 -14.852 -14.595 -12.545 -11.421   4.561   5.014   5.671   6.167   6.739   6.821
   0.330 -30.000 -26.266 -19.072 -14.881 -14.554 -12.569 -11.435   4.573   5.022   5.677   6.163   6.741   6.822
   0.333 -30.000 -26.197 -19.089 -14.908 -14.513 -12.593 -11.449   4.586   5.030   5.683   6.160   6.742   6.823
   0.337 -30.000 -26.127 -19.108 -14.933 -14.472 -12.618 -11.464   4.599   5.037   5.689   6.157   6.743   6.823
   0.340 -30.000 -26.057 -19.130 -14.955 -14.431 -12.642 -11.479   4.611   5.045   5.694   6.153   6.744   6.824
   0.343 -30.000 -25.986 -19.155 -14.975 -14.389 -12.668 -11.495   4.624   5.052   5.700   6.150   6.745   6.824
   0.347 -30.000 -25.914 -19.181 -14.993 -14.348 -12.693 -11.510   4.636   5.059   5.706   6.147   6.746   6.825
   0.350 -30.000 -25.842 -19.211 -15.008 -14.307 -12.719 -11.526   4.649   5.065   5.712   6.143   6.747   6.825
   0.353 -30.000 -25.770 -19.243 -15.021 -14.266 -12.745 -11.543   4.661   5.072   5.718   6.140   6.748   6.825
   0.357 -30.000 -25.697 -19.277 -15.031 -14.225 -12.771 -11.560   4.674   5.078   5.724   6.136   6.749   6.825
   0.360 -30.000 -25.623 -19.314 -15.040 -14.184 -12.797 -11.577   4.686   5.084   5.730   6.133   6.751   6.826
   0.363 -30.000 -25.549 -19.354 -15.045 -14.143 -12.824 -11.594   4.698   5.089   5.736   6.129   6.752   6.826
   0.367 -30.000 -25.475 -19.395 -15.049 -14.102 -12.852 -11.612   4.710   5.095   5.742   6.126   6.753   6.826
   0.370 -30.000 -25.400 -19.440 -15.051 -14.062 -12.879 -11.630   4.722   5.100   5.748   6.122   6.754   6.826
   0.373 -30.000 -25.325 -19.486 -15.050 -14.021 -12.907 -11.649   4.734   5.105   5.753   6.118   6.755   6.826
   0.377 -30.000 -25.249 -19.535 -15.048 -13.980 -12.935 -11.667   4.746   5.109   5.759   6.115   6.756   6.826
   0.380 -30.000 -25.173 -19.585 -15.043 -13.940 -12.963 -11.687   4.758   5.113   5.765   6.111   6.757   6.825
   0.383 -30.000 -25.096 -19.638 -15.037 -13.900 -12.992 -11.706   4.770   5.117   5.771   6.107   6.758   6.825
   0.387 -30.000 -25.019 -19.693 -15.028 -13.859 -13.021 -11.726   4.782   5.121   5.777   6.104   6.759   6.825
   0.390 -30.000 -24.942 -19.750 -15.018 -13.819 -13.050 -11.746   4.793   5.125   5.782   6.100   6.760   6.825
   0.393 -30.000 -24.864 -19.808 -15.006 -13.780 -13.080 -11.767   4.804   5.128   5.788   6.096   6.762   6.824
   0.397 -30.000 -24.786 -19.868 -14.993 -13.740 -13.109 -11.788   4.816   5.131   5.794   6.092   6.763   6.824
   0.400 -30.000 -24.707 -19.930 -14.978 -13.700 -13.140 -11.809   4.827   5.134   5.800   6.088   6.764   6.823
   0.403 -30.000 -24.628 -19.994 -14.962 -13.661 -13.170 -11.831   4.838   5.136   5.805   6.085   6.765   6.823
   0.407 -30.000 -24.549 -20.059 -14.944 -13.622 -13.200 -11.853   4.849   5.138   5.811   6.081   6.766   6.822
   0.410 -30.000 -24.469 -20.125 -14.925 -13.582 -13.231 -11.876   4.860   5.140   5.817   6.077   6.767   6.822
   0.413 -30.000 -24.389 -20.193 -14.904 -13.544 -13.262 -11.898   4.870   5.141   5.822   6.073   6.768   6.821
   0.417 -30.000 -24.309 -20.262 -14.883 -13.505 -13.293 -11.922   4.881   5.143   5.828   6.069   6.769   6.821
   0.420 -30.000 -24.228 -20.332 -14.860 -13.466 -13.325 -11.945   4.891   5.144   5.833   6.065   6.770   6.820
   0.423 -30.000 -24.147 -20.403 -14.837 -13.428 -13.356 -11.969   4.901   5.144   5.839   6.061   6.772   6.819
   0.427 -30.000 -24.066 -20.476 -14.812 -13.396 -13.383 -11.993   4.911   5.145   5.844   6.056   6.773   6.819
   0.430 -30.000 -23.984 -20.549 -14.787 -13.422 -13.351 -12.018   4.921   5.145   5.850   6.052   6.774   6.818
   0.433 -30.000 -23.902 -20.624 -14.761 -13.454 -13.314 -12.043   4.931   5.145   5.855   6.048   6.775   6.817
   0.437 -30.000 -23.820 -20.699 -14.734 -13.486 -13.277 -12.068   4.941   5.144   5.861   6.044   6.776   6.816
   0.440 -30.000 -23.738 -20.775 -14.706 -13.519 -13.239 -12.094   4.950   5.144   5.866   6.040   6.777   6.815
   0.443 -30.000 -23.656 -20.852 -14.677 -13.552 -13.202 -12.120   4.959   5.143   5.871   6.035   6.778   6.814
   0.447 -30.000 -23.573 -20.929 -14.648 -13.585 -13.166 -12.146   4.968   5.142   5.877   6.031   6.779   6.814
   0.450 -30.000 -23.490 -21.008 -14.618 -13.619 -13.129 -12.173   4.977   5.140   5.882   6.027   6.780   6.813
   0.453 -30.000 -23.407 -21.087 -14.588 -13.652 -13.093 -12.200   4.986   5.138   5.887   6.023   6.782   6.812
   0.457 -30.000 -23.324 -21.166 -14.558 -13.686 -13.057 -12.227   4.994   5.136   5.893   6.018   6.783   6.811
   0.460 -30.000 -23.240 -21.246 -14.526 -13.719 -13.021 -12.255   5.002   5.134   5.898   6.014   6.784   6.810
   0.463 -30.000 -23.157 -21.326 -14.495 -13.753 -12.986 -12.283   5.010   5.131   5.903   6.009   6.785   6.809
   0.467 -30.000 -23.073 -21.407 -14.463 -13.787 -12.951 -12.312   5.018   5.129   5.908   6.005   6.786   6.808
   0.470 -30.000 -22.989 -21.489 -14.430 -13.821 -12.916 -12.341   5.026   5.126   5.913   6.000   6.787   6.807
   0.473 -30.000 -22.905 -21.570 -14.398 -13.855 -12.881 -12.370   5.033   5.122   5.918   5.996   6.788   6.806
   0.477 -30.000 -22.821 -21.653 -14.365 -13.889 -12.847 -12.399   5.040   5.119   5.924   5.991   6.789   6.805
   0.480 -30.000 -22.737 -21.735 -14.332 -13.924 -12.813 -12.429   5.047   5.115   5.929   5.987   6.790   6.804
   0.483 -30.000 -22.654 -21.818 -14.298 -13.958 -12.779 -12.459   5.054   5.111   5.934   5.982   6.792   6.803
   0.487 -30.000 -22.570 -21.901 -14.265 -13.992 -12.746 -12.490   5.060   5.107   5.939   5.977   6.793   6.802
   0.490 -30.000 -22.486 -21.984 -14.231 -14.026 -12.713 -12.521   5.066   5.102   5.944   5.972   6.794   6.801
   0.493 -30.000 -22.402 -22.067 -14.197 -14.061 -12.680 -12.552   5.072   5.098   5.948   5.968   6.795   6.800
   0.497 -30.000 -22.318 -22.150 -14.163 -14.095 -12.648 -12.584   5.076   5.094   5.953   5.963   6.796   6.799
   0.500 -30.000 -22.238 -22.230 -14.131 -14.127 -12.618 -12.613   5.078   5.092   5.958   5.959   6.796   6.798
   0.500  10.000
