
          BZ Data-set: "G:\BZ Polyethylene\Polyethylene for electronics, with symmetry\Polyethylene for electronics with ops"




          EXPECTATION VALUE OF OPERATORS FOR POINT = ( 0.0000)

                     1 Identity       1 C2(Z)          1 I              1 Sig(xy)        1 Sig(yz)        1 C2(Y)          1 C2(X)          1 Sig(xz)     
  1  -29.8569  1 ( 1.000  0.000)  ( 1.000  0.000)  ( 1.000  0.000)  ( 1.000  0.000)  ( 1.000  0.000)  ( 1.000  0.000)  ( 1.000  0.000)  ( 1.000  0.000) 
  2  -20.6229  2 ( 1.000  0.000)  (-1.000  0.000)  (-1.000  0.000)  ( 1.000  0.000)  ( 1.000  0.000)  ( 1.000  0.000)  (-1.000  0.000)  (-1.000  0.000) 
  3  -17.1929  3 ( 1.000  0.000)  ( 1.000  0.000)  (-1.000  0.000)  (-1.000  0.000)  ( 1.000  0.000)  (-1.000  0.000)  (-1.000  0.000)  ( 1.000  0.000) 
  4  -11.5591  1 ( 1.000  0.000)  ( 1.000  0.000)  ( 1.000  0.000)  ( 1.000  0.000)  ( 1.000  0.000)  ( 1.000  0.000)  ( 1.000  0.000)  ( 1.000  0.000) 
  5  -11.0139  4 ( 1.000  0.000)  (-1.000  0.000)  ( 1.000  0.000)  (-1.000  0.000)  ( 1.000  0.000)  (-1.000  0.000)  ( 1.000  0.000)  (-1.000  0.000) 
  6  -10.5956  5 ( 1.000  0.000)  ( 1.000  0.000)  ( 1.000  0.000)  ( 1.000  0.000)  (-1.000  0.000)  (-1.000  0.000)  (-1.000  0.000)  (-1.000  0.000) 
  7    3.7479  6 ( 1.000  0.000)  (-1.000  0.000)  (-1.000  0.000)  ( 1.000  0.000)  (-1.000  0.000)  (-1.000  0.000)  ( 1.000  0.000)  ( 1.000  0.000) 
  8    3.9840  2 ( 1.000  0.000)  (-1.000  0.000)  (-1.000  0.000)  ( 1.000  0.000)  ( 1.000  0.000)  ( 1.000  0.000)  (-1.000  0.000)  (-1.000  0.000) 
  9    5.2851  3 ( 1.000  0.000)  ( 1.000  0.000)  (-1.000  0.000)  (-1.000  0.000)  ( 1.000  0.000)  (-1.000  0.000)  (-1.000  0.000)  ( 1.000  0.000) 
 10    6.3350  4 ( 1.000  0.000)  (-1.000  0.000)  ( 1.000  0.000)  (-1.000  0.000)  ( 1.000  0.000)  (-1.000  0.000)  ( 1.000  0.000)  (-1.000  0.000) 
 11    6.6517  7 ( 2.000  0.000)  ( 0.000  0.000)  ( 0.000  0.000)  ( 2.000  0.000)  ( 2.000  0.000)  ( 2.000  0.000)  ( 0.000  0.000)  ( 0.000  0.000) 



          EXPECTATION VALUE OF OPERATORS FOR POINT = ( 0.5000)

                     1 Identity       1 Sig(xy)     
  1  -22.2314  1 ( 2.000  0.000)  ( 2.000  0.000) 
  3  -14.1371  1 ( 2.000  0.000)  ( 2.000  0.000) 
  5  -12.6106  2 ( 2.000  0.000)  (-2.000  0.000) 
  7    5.0844  1 ( 2.000  0.000)  ( 2.000  0.000) 
  9    5.9627  2 ( 2.000  0.000)  (-2.000  0.000) 
 11    6.7923  1 ( 2.000  0.000)  ( 2.000  0.000) 
